 通讯后的电势,此处因为petsc包含了边界,但边界不是每个网格
 都有，因此又多了外面一圈,这一圈在有边界的地方是无效电
 势,值为初值0,后面会舍去,电势存储顺序是先遍历x和y,再遍历
 z,为便于观察每一层都用空格隔开
  
    0.000    0.000    0.000    0.000    0.000

    0.000    0.250    0.250    0.250    0.250

    0.000    0.250    0.250    0.250    0.250

    0.000    0.250    0.250    0.250    0.250

    0.000    0.250    0.250    0.250    0.250

  
    0.000    0.000    0.000    0.000    0.000

    0.000    0.500    0.500    0.500    0.500

    0.000    0.500    0.500    0.500    0.500

    0.000    0.500    0.500    0.500    0.500

    0.000    0.500    0.500    0.500    0.500

  
    0.000    0.000    0.000    0.000    0.000

    0.000    0.750    0.750    0.750    0.750

    0.000    0.750    0.750    0.750    0.750

    0.000    0.750    0.750    0.750    0.750

    0.000    0.750    0.750    0.750    0.750

  
    0.000    0.000    0.000    0.000    0.000

    0.000    1.000    1.000    1.000    1.000

    0.000    1.000    1.000    1.000    1.000

    0.000    1.000    1.000    1.000    1.000

    0.000    1.000    1.000    1.000    1.000

  
    0.000    0.000    0.000    0.000    0.000

    0.000    0.000    0.000    0.000    0.000

    0.000    0.000    0.000    0.000    0.000

    0.000    0.000    0.000    0.000    0.000

    0.000    0.000    0.000    0.000    0.000

